1.Right arm（右手臂動）

0,0,0,0,0,0,0,0,0,0,0,0,0,0,0,0,0,0,0,0,0(1,1)
20,50,0,0,0,0,0,0,0,0,0,0,0,0,0,0,0,0,0,0,0(0,0)
30,-50,0,0,30,0,0,0,0,0,0,0,0,0,0,0,0,0,0,0,0(2,2)
0,50,-60,30,-50,-60,30,0,0,0,0,0,0,0,0,0,0,0,0,0,0(0,0)
0,-50,0,0,0,0,0,0,0,0,0,0,0,0,0,0,0,0,0,0,0(3,3)
-10,50,60,-20,20,80,30,0,0,0,0,0,0,0,0,0,0,0,0,0,0(0,0)
0,0,0,0,0,0,0,0,0,0,0,0,0,0,0,0,0,0,0,0,0(4,4)

2.Left arm（左手臂動）

20,50,0,0,0,0,0,0,0,30,0,0,0,0,0,0,0,0,0,0,0(5,5)
30,-50,0,0,0,0,0,60,-30,50,60,-30,0,0,0,0,0,0,0,0,0(0,0)
0,50,0,0,0,0,0,0,0,0,0,0,0,0,0,0,0,0,0,0,0(1,1)
0,-50,0,0,0,0,0,-60,-20,-20,-80,-30,0,0,0,0,0,0,0,0,0(0,0)
0,0,0,0,0,0,0,0,0,0,0,0,0,0,0,0,0,0,0,0,0(2,2)

3.Right leg（右腳動）

0,-50,0,0,0,0,0,0,0,0,0,0,15,-40,0,40,0,0,0,0,0(0,0)
0,0,0,0,0,0,0,0,0,0,0,0,0,0,0,0,0,0,0,0,0(3,3)

4.Left leg（左腳動）

0,50,0,0,0,0,0,0,0,0,0,0,-15,0,0,0,0,40,0,-40,0(0,0)
0,0,0,0,0,0,0,0,0,0,0,0,0,0,0,0,0,0,0,0,0(4,4)

0,5.Arm&leg  control（手腳同動）

0,-50,-60,30,0,0,0,60,-30,0,0,0,-15,-40,0,40,-20,-30,0,-30,20(0,0)
0,0,0,0,0,0,0,0,0,0,0,0,0,0,0,0,0,0,0,0,0(5,5)

6.Right arm（大力水手姿態）

0,50,-150,30,0,-80,0,0,0,0,0,0,0,0,0,0,0,0,0,0,0(0,0)
0,0,0,0,0,0,0,0,0,0,0,0,0,0,0,0,0,0,0,0,0(6,6)

7. Right arm control（右臂敬禮姿態）

0,-50,-150,30,0,-110,-50,0,0,0,0,0,0,0,0,0,0,0,0,0,0(4,4)
0,0,0,0,0,0,0,0,0,0,0,0,0,0,0,0,0,0,0,0,0(0,0)

8.Right leg（右腳前抬90度姿態）

0,50,0,0,0,0,0,0,0,0,0,0,15,-60,0,60,-20,0,0,0,0(8,8)
0,0,0,0,0,0,0,0,0,0,0,0,0,0,0,0,0,0,0,0,0(0,0)

9.Left leg（左腳前抬90度姿態）

0,-50,0,0,0,0,0,0,0,0,0,0,-15,0,0,0,0,60,0,-70,20(1,1)
0,0,0,0,0,0,0,0,0,0,0,0,0,0,0,0,0,0,0,0,0(0,0)

10.Right leg（雙腳坐姿態）

0,50,0,0,0,0,0,0,0,0,0,0,0,-60,0,70,0,60,0,-70,0(5,5)
0,0,0,0,0,0,0,0,0,0,0,0,0,0,0,0,0,0,0,0,0(0,0)

11.Right leg（雙腳跪姿態）

0,-50,0,0,0,0,0,0,0,0,0,0,0,0,0,60,0,0,0,-60,0(0,0)
0,0,0,0,0,0,0,0,0,0,0,0,0,0,0,0,0,0,0,0,0(5,5)

12.Right  Left leg（左右手腳小跑步姿態）

0,-50,60,-50,60,80,20,60,30,0,30,20,10,-40,0,40,20,0,0,-20,0(0,0)
0,50,70,-30,80,50,30,40,-30,30,90,0,-10,0,0,20,0,40,0,-40,-20(0,0)
0,0,0,0,0,0,0,0,0,0,0,0,0,0,0,0,0,0,0,0,0(0,0)

13.Left  Right arm（左右手臂動數字）

30,-50,-120,-20,0,-20,-30,120,20,0,20,-30,0,0,0,0,0,0,0,0,0(1,1)
-10,50,-120,-20,0,-20,-30,120,20,0,20,-30,0,0,0,0,0,0,0,0,0(2,2)
30,-50,-120,-20,0,-20,-30,120,20,0,20,-30,0,0,0,0,0,0,0,0,0(3,3)
-10,50,-120,-20,0,-20,-30,120,20,0,20,-30,0,0,0,0,0,0,0,0,0(4,4)
30,-50,-120,-20,0,-20,-30,120,20,0,20,-30,0,0,0,0,0,0,0,0,0(5,5)
0,0,0,0,0,0,0,0,0,0,0,0,0,0,0,0,0,0,0,0,0(0,0)

14.Right Left  arm（左右手抱抱姿態）

20,-50,-60,-20,0,-20,-30,60,20,0,20,-30,0,0,0,0,0,0,0,0,0(5,5)
0,0,0,0,0,0,0,0,0,0,0,0,0,0,0,0,0,0,0,0,0(0,0)














