1.Right arm（右手臂動）

0,0,0,0,0,0,0,0,0,0,0,0,0,0,0,0,0,0,0,0,0(1,1)
20,50,0,0,0,0,0,0,0,0,0,0,0,0,0,0,0,0,0,0,0(0,0)
30,-50,0,0,30,0,0,0,0,0,0,0,0,0,0,0,0,0,0,0,0(2,2)
0,50,-60,30,-50,-60,0,0,0,0,0,0,0,0,0,0,0,0,0,0,0(0,0)
0,-50,0,0,0,0,0,0,0,0,0,0,0,0,0,0,0,0,0,0,0(3,3)
-10,50,60,10,20,80,30,0,0,0,0,0,0,0,0,0,0,0,0,0,0(0,0)
0,0,0,0,0,0,0,0,0,0,0,0,0,0,0,0,0,0,0,0,0(0,0)


2.Left arm（左手臂動）

20,50,0,0,0,0,0,0,0,30,0,0,0,0,0,0,0,0,0,0,0(5,5)
30,-50,0,0,0,0,0,60,-30,50,60,-30,0,0,0,0,0,0,0,0,0(0,0)
0,50,0,0,0,0,0,0,0,0,0,0,0,0,0,0,0,0,0,0,0(1,1)
0,-50,0,0,0,0,0,-60,-30,-20,-80,-30,0,0,0,0,0,0,0,0,0(0,0)
0,0,0,0,0,0,0,0,0,0,0,0,0,0,0,0,0,0,0,0,0(0,0)

3.Right leg（右腳動）

0,-50,0,0,0,0,0,0,0,0,0,0,15,-40,0,40,0,0,0,0,0(0,0)
0,0,0,0,0,0,0,0,0,0,0,0,0,0,0,0,0,0,0,0,0(0,0)

4.Left leg（左腳動）

0,50,0,0,0,0,0,0,0,0,0,0,-15,0,0,0,0,40,0,-40,0(0,0)
0,0,0,0,0,0,0,0,0,0,0,0,0,0,0,0,0,0,0,0,0(0,0)

5.Arm&leg  control（手腳同動）

0,-50,-60,30,0,0,0,60,-30,0,0,0,-15,-40,0,40,0,-30,0,-30,0(0,0)
0,0,0,0,0,0,0,0,0,0,0,0,0,0,0,0,0,0,0,0,0(0,0)


6.Right arm（大力水手姿態）

0,50,-150,50,0,-80,0,0,0,0,0,0,0,0,0,0,0,0,0,0,0(0,0)
0,0,0,0,0,0,0,0,0,0,0,0,0,0,0,0,0,0,0,0,0(0,0)


7. Right arm control（右臂敬禮姿態）

0,0,-150,60,0,-100,-50,0,0,0,0,0,0,0,0,0,0,0,0,0,0(4,4)
0,0,-150,60,0,-100,-50,0,0,0,0,0,0,0,0,0,0,0,0,0,0(4,4)
-10,0,-150,60,0,-100,-50,0,0,0,0,0,0,0,0,0,0,0,0,0,0(4,4)
0,0,0,0,0,0,0,0,0,0,0,0,0,0,0,0,0,0,0,0,0(0,0)



8.Right leg（右腳前抬90度姿態）

0,50,0,0,0,0,0,0,0,0,0,0,15,-60,0,60,0,0,0,0,0(0,0)
0,0,0,0,0,0,0,0,0,0,0,0,0,0,0,0,0,0,0,0,0(0,0)

9.Left leg（左腳前抬90度姿態）

0,-50,0,0,0,0,0,0,0,0,0,0,-15,0,0,0,0,60,0,-70,0(0,0)
0,0,0,0,0,0,0,0,0,0,0,0,0,0,0,0,0,0,0,0,0(0,0)

10.Right Left  leg（雙腳坐姿態）

0,50,0,0,0,0,0,0,0,0,0,0,0,-60,0,70,0,60,0,-70,0(5,5)
0,0,0,0,0,0,0,0,0,0,0,0,0,0,0,0,0,0,0,0,0(0,0)

11.Right Left  leg（雙腳跪姿態）

0,-50,0,0,0,0,0,0,0,0,0,0,0,0,0,60,0,0,0,-60,0(0,0)
0,0,0,0,0,0,0,0,0,0,0,0,0,0,0,0,0,0,0,0,0(0,0)


12.Right Left leg（左右手腳小跑步姿態）

0,-50,60,50,60,80,20,60,-50,0,30,20,10,-40,0,40,0,0,0,0,0(0,0)
0,50,70,50,80,50,30,40,-50,30,50,0,-10,0,0,20,0,40,0,-40,0(0,0)
0,0,0,0,0,0,0,0,0,0,0,0,0,0,0,0,0,0,0,0,0(0,0)

13.Left Right arm（左右手臂動數字）

30,-50,-120,50,0,-20,-30,120,-50,0,20,-30,0,0,0,0,0,0,0,0,0(1,1)
-10,50,-120,50,0,-20,-30,120,-50,0,20,-30,0,0,0,0,0,0,0,0,0(2,2)
30,-50,-120,50,0,-20,-30,120,-50,0,20,-30,0,0,0,0,0,0,0,0,0(3,3)
-10,50,-120,50,0,-20,-30,120,-50,0,20,-30,0,0,0,0,0,0,0,0,0(4,4)
30,-50,-120,50,0,-20,-30,120,-50,0,20,-30,0,0,0,0,0,0,0,0,0(5,5)
0,0,0,0,0,0,0,0,0,0,0,0,0,0,0,0,0,0,0,0,0(0,0)

14. Right arm control（右臂比YA姿態）

0,0,-100,30,0,-100,-50,0,0,0,0,0,0,0,0,0,0,0,0,0,0(7,7)
0,0,0,0,0,0,0,0,0,0,0,0,0,0,0,0,0,0,0,0,0(0,0)


15.Right Left  arm（左右手抱抱姿態）

20,-50,-60,30,0,-20,-30,60,-30,0,20,-30,0,0,0,0,0,0,0,0,0(5,5)
0,0,0,0,0,0,0,0,0,0,0,0,0,0,0,0,0,0,0,0,0(0,0)

16.Right Left arm control（左右臂敬禮姿態）

-10,0,-150,60,0,-100,-50,150,-60,0,100,-50,0,0,0,0,0,0,0,0,0(4,4)
0,0,0,0,0,0,0,0,0,0,0,0,0,0,0,0,0,0,0,0,0(0,0)

17.Right  Left leg（左右腳起步走姿態）

0,0,-30,0,0,0,0,-30,0,0,0,0,-15,0,0,0,0,60,0,-70,0(0,0)
0,0,30,0,0,0,0,30,0,0,0,0,15,-60,0,60,0,0,0,0,0(0,0)
0,0,-30,0,0,0,0,-30,0,0,0,0,-15,0,0,0,0,60,0,-70,0(0,0)
0,0,30,0,0,0,0,30,0,0,0,0,15,-60,0,60,0,0,0,0,0(0,0)
0,0,-30,0,0,0,0,-30,0,0,0,0,-15,0,0,0,0,60,0,-70,0(0,0)
0,0,30,0,0,0,0,30,0,0,0,0,15,-60,0,60,0,0,0,0,0(0,0)
0,0,0,0,0,0,0,0,0,0,0,0,0,0,0,0,0,0,0,0,0(0,0)

17.Right  Left leg（左右腳起步走姿態）

0,0,-30,0,0,0,0,-30,0,0,0,0,-15,0,0,0,0,60,0,-70,0(0,0)
0,0,30,0,0,0,0,30,0,0,0,0,15,-60,0,60,0,0,0,0,0(0,0)
0,0,-30,0,0,0,0,-30,0,0,0,0,-15,0,0,0,0,60,0,-70,0(0,0)
0,0,30,0,0,0,0,30,0,0,0,0,15,-60,0,60,0,0,0,0,0(0,0)
0,0,-30,0,0,0,0,-30,0,0,0,0,-15,0,0,0,0,60,0,-70,0(0,0)
0,0,30,0,0,0,0,30,0,0,0,0,15,-60,0,60,0,0,0,0,0(0,0)
0,0,0,0,0,0,0,0,0,0,0,0,0,0,0,0,0,0,0,0,0(0,0)


18.Right  Left arm leg（左右手腳小開合姿態）
0,0,0,20,0,0,0,0,-20,0,0,0,0,0,-20,0,0,0,20,0,0(5,5)
0,0,0,0,0,0,0,0,0,0,0,0,0,0,0,0,0,0,0,0,0(0,0)
0,0,0,20,0,0,0,0,-20,0,0,0,0,0,-20,0,0,0,20,0,0(5,5)
0,0,0,0,0,0,0,0,0,0,0,0,0,0,0,0,0,0,0,0,0(0,0)
0,0,0,20,0,0,0,0,-20,0,0,0,0,0,-20,0,0,0,20,0,0(5,5)
0,0,0,0,0,0,0,0,0,0,0,0,0,0,0,0,0,0,0,0,0(0,0)

19. Right arm control（右臂大拇指比讚姿態）

0,0,-60,30,0,-60,-50,0,0,0,0,0,0,0,0,0,0,0,0,0,0(9,9)
0,0,0,0,0,0,0,0,0,0,0,0,0,0,0,0,0,0,0,0,0(0,0)

20. Right arm control（右臂介紹握手姿態）

10,20,-50,30,-20,-30,-10,0,0,0,0,0,0,0,0,0,0,0,0,0,0(5,5)#2
10,20,-50,30,-20,-30,-10,0,0,0,0,0,0,0,0,0,0,0,0,0,0(5,5)#2
10,20,-50,30,-20,-30,-10,0,0,0,0,0,0,0,0,0,0,0,0,0,0(5,5)#2
10,20,-50,30,-20,-30,-10,0,0,0,0,0,0,0,0,0,0,0,0,0,0(5,5)#2
0,0,0,0,0,0,0,0,0,0,0,0,0,0,0,0,0,0,0,0,0(0,0)












