7. Right arm control（右臂敬禮姿態）

0,0,0,0,0,0,0,0,0,0,0,0,0,0,0,0,0,0,0,0,0(0,0)
0,0,0,0,0,0,0,0,0,0,0,0,0,0,-30,0,0,0,0,0,0(4,4)
0,0,-130,60,0,-100,-50,0,0,0,0,0,0,0,0,0,0,0,0,0,0(4,4)
0,0,-130,60,0,-100,-50,0,0,0,0,0,0,0,0,0,0,0,0,0,0(4,4)#2
-10,0,-150,60,0,-100,-50,0,0,0,0,0,0,0,0,0,0,0,0,0,0(4,4)
0,0,0,0,0,0,0,0,0,0,0,0,0,0,0,0,0,0,0,0,0(0,0)

13.Left Right arm（左右手臂動數字）

10,-50,-100,50,0,-20,-30,100,-50,0,20,-30,0,0,0,0,0,0,0,0,0(1,1)
-10,50,-100,50,0,-20,-30,100,-50,0,20,-30,0,0,0,0,0,0,0,0,0(2,2)
10,-50,-100,50,0,-20,-30,100,-50,0,20,-30,0,0,0,0,0,0,0,0,0(3,3)
-10,50,-100,50,0,-20,-30,100,-50,0,20,-30,0,0,0,0,0,0,0,0,0(4,4)
10,-50,-100,50,0,-20,-30,100,-50,0,20,-30,0,0,0,0,0,0,0,0,0(5,5)
0,0,0,0,0,0,0,0,0,0,0,0,0,0,0,0,0,0,0,0,0(0,0)

17.Right  Left leg（左右腳起步走姿態）

0,0,-30,0,0,0,0,-30,0,0,0,0,-15,0,0,0,0,50,0,-50,0(0,0)
0,0,30,0,0,0,0,30,0,0,0,0,15,-50,0,50,0,0,0,0,0(0,0)
0,0,-30,0,0,0,0,-30,0,0,0,0,-15,0,0,0,0,50,0,-50,0(0,0)
0,0,30,0,0,0,0,30,0,0,0,0,15,-50,0,50,0,0,0,0,0(0,0)
0,0,-30,0,0,0,0,-30,0,0,0,0,-15,0,0,0,0,50,0,-50,0(0,0)
0,0,30,0,0,0,0,30,0,0,0,0,15,-50,0,50,0,0,0,0,0(0,0)
0,0,0,0,0,0,0,0,0,0,0,0,0,0,0,0,0,0,0,0,0(0,0)

14. Right arm control（右臂比YA姿態）

0,0,-100,30,0,-100,-50,0,0,0,0,0,0,0,0,0,0,0,0,0,0(7,7)
0,0,0,0,0,0,0,0,0,0,0,0,0,0,0,0,0,0,0,0,0(0,0)

19. Right arm control（右臂大拇指比讚姿態）

0,0,-60,30,0,-60,-50,0,0,0,0,0,0,0,0,0,0,0,0,0,0(9,9)
0,0,0,0,0,0,0,0,0,0,0,0,0,0,0,0,0,0,0,0,0(0,0)

20. Right arm control（右臂介紹握手姿態）

0,0,0,0,0,0,0,0,0,0,0,0,0,0,0,0,0,0,0,0,0(0,0)
10,20,-50,30,-20,-30,-10,0,0,0,0,0,0,0,0,0,0,0,0,0,0(5,5)#3
10,20,-50,30,-20,-30,-10,0,0,0,0,0,0,0,0,0,0,0,0,0,0(5,5)
10,-20,-50,30,-20,-30,-10,0,0,0,0,0,0,0,0,0,0,0,0,0,0(5,5)
-10,20,-50,30,-20,-30,-10,0,0,0,0,0,0,0,0,0,0,0,0,0,0(5,5)
-10,20,-50,30,-20,-30,-10,0,0,0,0,0,0,0,0,0,0,0,0,0,0(5,5)
-10,20,-50,30,-20,-30,-10,0,0,0,0,0,0,0,0,0,0,0,0,0,0(5,5)
10,-20,-50,30,-20,-30,-10,0,0,0,0,0,0,0,0,0,0,0,0,0,0(5,5)
-10,20,-50,30,-20,-30,-10,0,0,0,0,0,0,0,0,0,0,0,0,0,0(5,5)
-10,20,-50,30,-20,-30,-10,0,0,0,0,0,0,0,0,0,0,0,0,0,0(5,5)
-10,20,-50,30,-20,-30,-10,0,0,0,0,0,0,0,0,0,0,0,0,0,0(5,5)
10,-20,-50,30,-20,-30,-10,0,0,0,0,0,0,0,0,0,0,0,0,0,0(5,5)
10,-20,-50,30,-20,-30,-10,0,0,0,0,0,0,0,0,0,0,0,0,0,0(5,5)
10,-20,-50,30,-20,-30,-10,0,0,0,0,0,0,0,0,0,0,0,0,0,0(5,5)
-10,20,-50,30,-20,-30,-10,0,0,0,0,0,0,0,0,0,0,0,0,0,0(5,5)
-10,20,-50,30,-20,-30,-10,0,0,0,0,0,0,0,0,0,0,0,0,0,0(5,5)
-10,20,-50,30,-20,-30,-10,0,0,0,0,0,0,0,0,0,0,0,0,0,0(5,5)
10,-20,-50,30,-20,-30,-10,0,0,0,0,0,0,0,0,0,0,0,0,0,0(5,5)
10,-20,-50,30,-20,-30,-10,0,0,0,0,0,0,0,0,0,0,0,0,0,0(5,5)
0,0,0,0,0,0,0,0,0,0,0,0,0,0,0,0,0,0,0,0,0(0,0)